Sample Input: [[[[ 36 243 199  46 151 134  99 148 131 112 107  10  46 201 132]
   [201  62 153  22  94  94 186 134  17  17 218 162 136   3 218]
   [243 140  11  84  91 120  61  80 140  74   6   0  93  71  87]
   [  7  97  11 150 130  37 231 112 247  41 248 182 161   5  32]
   [ 14 205  93  54  78 127 248  13 223 118  84 218  10 127 252]
   [209 121  61 115 152   6 243 100 105 173 161  96  63  12 115]
   [139 171 174 193  24  24 208  15 252  13  27 187 138  42  29]
   [ 71  95 106 186 121 167  36   3 130 130 145 209  84  67  74]
   [122  63 235  80 229  15 225 200   2  63  23 177 115 214 239]
   [ 37 164 130   7  83  92  84  20  61 112 227 128   2  41  91]
   [ 57 100   3 212 251 110 235 207 224 234  72  47 185 103 204]
   [182  56 100 166  78 135 101   6 169 198  23  35 213  80 216]
   [213 110  86 246  31 151 105  24 171   0  16 188  56 162 133]
   [173 190 228 242  73 194  43 236 111 120 217  81 190  14  53]
   [ 73  13 197 145 200  42  89 146  73 220 234  68 132  94  81]
   [238 221  99 181  53  82 215 111 239  33 225 191  79  13 222]]]


 [[[105  93  85  44  28  64 206 154 217  59  22 193 212  35 248]
   [ 26 178 160  45 194 218 159 150 209   1 181 244 135 131  82]
   [ 11  48  40  53 232 195  19 112  11 129 200 250 143  27 107]
   [102 165 142  95  82  93 104 120 109  21 157 189  60 249 254]
   [ 85 212  37  94 154 250  38 180  87   7 158 113  83  62  90]
   [ 80  92 166 188 183  56 248  72  65  33  10  44  27 121  50]
   [193 229 226  81  79  65 128  45  65  16 130 158 105 222 119]
   [ 60  29 130 169  28 107  90 107 224 251 252 152  48   9 175]
   [ 69 104 242  84 209 195 171 138 118  37 123  60  24  17 196]
   [114 173 107   8 144  65  21  66 165  39 130 116 170  93 118]
   [147 156 198  47 106 212 149 133 222  69  15 152  68  91  77]
   [121 210  56  71 211  60   8 157  19 164  30 132  77  38 251]
   [ 56 103  93 253   0  89 150  86 218 211  64 217  42  12  14]
   [147  58 204 173  98 147  21 100  59  71 186 228 248  20 205]
   [247 240 108 204 116 181  62 227  77   9 217  53 248 194 195]
   [162 164 197 132 210  80 131 144 152 211 208 144 189  34 126]]]


 [[[ 18  37 221 171 161 186  85 111 207 122  75 202  94 195 108]
   [203  41 192 205 124  94  48 248 145 234   1 197  73 234 114]
   [ 96 219  38  89 215 245 216 198 211 241 139 178 120  92 214]
   [158 155 203 242 108  29 233  22 192 159  85 165 239  82 198]
   [ 93  33  91  45 125 238 176 241 116  39 143 122  92  84 139]
   [203 152 129 232 165 127 120  75  71 235 215 174 203 188 152]
   [ 94   1 126 200 247 113  17  82  53 145 204 199 133 125 145]
   [ 32 171 212 210 194  18 111  64  96   2  46 154 158  67  20]
   [245 210 230 127  78   9 228  69 187 120 225  87 150  46  54]
   [ 90 141 179 157 200   4 179 152  12 251  11 201  61 231 213]
   [254 184  11 248   6  22 110 185 250 251  50 198 133 218 147]
   [ 66 243 246 148 249 157 216 227 211 219 227  48  21 103  99]
   [ 22  51  21 231 187 239   8 164 185  22 150 250  50  92  76]
   [217 214 105   7 125  83 201 110  71 144  29 196   7 194 177]
   [212 134  50  28 141  51  94 242 178  91  80 251 234 178  55]
   [231 126  73 216  30  75 210 169 153 244  31  68  58 162 180]]]


 [[[141  60 121  39  32 248  59 149  26 232  94  64 243  50 122]
   [ 65  27 133  59 132 185 237 243 193 202  32 236  65  58 186]
   [ 73 192   5 168 101 232 234  45  46 230 199 198  82  41  91]
   [  3 120 164  18 143  32  44 186 207 238 165  83 190 128 142]
   [161 183  61 134 248 196  56  89 191  68 106  98 122 246 107]
   [155 193  21 223 223 242 213 209 119 172  66  36 121 135 241]
   [ 28 122  80 130 216 159   9 129 107 210 102  50  11  56 230]
   [ 27  39 109  39   2 205  93 139 221  22 234  34  99 196  39]
   [ 80 188  51 218 205  23  98 198 195 205 139 175 193 238 121]
   [ 46 234   8 237 128 139  18 102  80 200  76  99 226 219  80]
   [250 193 144 201 226 140 239 141  68 158  68  73  19 198 253]
   [ 55 231 159  29 231 224 120  59  58  33 115  71 216  67 181]
   [170  34 123 241 183 213 110  21 229 152  33 138  94  16 141]
   [149  24   2  13  95 145  79  59 153  68 140  96  34 186  66]
   [ 17  25  49 150 233  21 240 131  48  99 104  92 234 169  37]
   [215  96  24  16  31  29  99 209  45 222  58 249 167  94 242]]]


 [[[218 102   9 147 152  98  70  40  89 178  84 242  57  17 245]
   [238 193 208  55 138  94  14 195 231 150  28  68   5  29 127]
   [143 114 179  15 183  25  97 163 143 154 124 200 223 245 236]
   [ 52 155  84 166  19  79 252 176 214 193 224  68 235  71  87]
   [167  13 171 249 107 215 183  78 172 136   7 212 221 199  60]
   [239 218  31  87 130 157 225  50  46 165  35 250  90  72 137]
   [182 145  70 192 242 188 205  44 187  34 249  68 203 191 118]
   [135  97   4 176 180 138  41  11 146 202 110 107 155 114  17]
   [185 160  29   4  16  20 193 145 210  39  22 128  88 146  63]
   [ 28  18   6 140   6 118  30  65  74 225 208  13  33 136 101]
   [ 11  30 149 137 216 178 123 190 220 223 138  38 128  80  40]
   [224 156 139  42 135 141 131 105 166  90 201 110  41 134 141]
   [149  21 100 251 119  68 206  45  69  93 139 146 169  46 185]
   [152 117 155  62 222 202 239 198 132  86 127  92  62 119 163]
   [ 68 224 227  48 218 186  93   8  53  12  84 122 147 188 249]
   [ 76  75 197 161 117  98  71 120  93 123 173  26 113 164 182]]]]
Quantized Output: tensor([[180],
        [237],
        [188],
        [156],
        [  0]], dtype=torch.uint8)
